94.98232233047034	98.98232233047034	0.00018395562412156164	0.00019170256564112262	
89.92785346486149	97.9263040735568	0.0007431912036625788	0.000783448967941115	
84.83511964302132	96.82861745412625	0.0016925726037752846	0.0018104664984038498	
79.70262142049282	95.68554472973194	0.0030471335483298594	0.0033121538919848414	
74.52885146117012	94.49292381910517	0.004821860860879301	0.005332664170440033	
69.31231969669945	93.24608609983277	0.007031393845774312	0.007921569642586042	
64.05158829172383	91.93978560395664	0.009689609670127632	0.011134615783348087	
58.745319604150176	90.56811903799277	0.012809058116704115	0.015034567645295918	
53.39234127788914	89.12443646969307	0.016400198491233187	0.01969214655225914	
47.99173377489519	87.60124328887001	0.020470378689551982	0.025187044459877128	
42.54294704004834	85.99009535766656	0.025022481799609423	0.0316089861883795	
37.0459545324241	84.28149139383943	0.030053150369786095	0.03905878247029816	
31.501454366021413	82.46476995570973	0.03555048554588519	0.04764927516020598	
25.911128380209746	80.52802339294132	0.04149111351931177	0.05750601509030075	
20.277969835622734	78.45804830707496	0.04783652566102051	0.06876742845709351	
14.606687769156053	76.24036180996028	0.054528648526478554	0.08158411813682376	
8.904188739252632	73.85932502780042	0.061484710686987146	0.09611681982752698	
3.1801218342350923	71.29842844668073	0.06859167593393628	0.11253241591332025	
-2.5525528577093244	68.54080395456761	0.0757008331015028	0.130997360263116	
-8.277050607964549	65.5700281117103	0.08262356808758757	0.1516679835159621	
-13.972430135837705	62.371258216873855	0.08912981733113885	0.17467756055400685	
-19.61361647673285	58.93268321935972	0.09495101784402905	0.2001208352537484	
-25.17196868313476	55.247168278258485	0.09978920791639559	0.22803787460326297	
-30.6165331204704	51.313839526178356	0.10333297162520413	0.25840034091894376	
-35.915980032805095	47.13924449035871	0.10527910553619574	0.2911038893268677	
-41.041001003591184	42.73771118808723	0.1053567205211036	0.32596973406647894	
-45.966731860645965	38.130674380217954	0.10334900135680829	0.3627562958012939	
-50.67468084577345	33.34501856922806	0.0991080072477968	0.4011789585976962	
-55.1537591178832	28.410782957440418	0.0925598522943938	0.4409336779238522	
-59.40028488809524	23.358735102060894	0.08370043307145476	0.4817195732870525	
-63.4171238386078	18.21827960269571	0.07258421399349989	0.5232567826361939	
-67.21230550674821	13.015979617910553	0.059309575792293935	0.5652978985605847	
-70.79747688694283	7.774749015792651	0.044003899603918345	0.6076332021490087	
-74.1864662154764	2.513613998718191	0.02681049859753431	0.6500910518495413	
-77.39410610707839	-2.7521260932336276	0.007878363572014106	0.6925351249854035	
-80.43536001626936	-8.010507926489517	-0.012645168457545018	0.7348600196055539	
-83.32472981316926	-13.252415556539166	-0.03461919584665095	0.7769863157594311	
-86.0758920691786	-18.47108148956756	-0.057912038940075836	0.8188557797415437	
-88.7015045246024	-23.66162664364217	-0.08240258544039802	0.8604270682666294	
-91.21313056104061	-28.820661361978825	-0.10798066215463376	0.9016720704150558	
-93.62124035940175	-33.945952891221324	-0.13454679136172423	0.9425728960942089	
-95.93525843336285	-39.03615566603287	-0.16201158846426514	0.9831194539293396	
-98.16363652699289	-44.090596648679956	-0.19029497544405194	1.0233075351085343	
-100.31393798969115	-49.10910678677321	-0.2193253233584423	1.063137315458001	
-102.39292487036316	-54.09188998684055	-0.24903859381070284	1.1026121947630192	
-104.40664250291798	-59.03942201329333	-0.2793775199551359	1.1417379035097814	
-106.36049869857115	-63.95237294120274	-0.31029084835585186	1.180521819257869	
-108.25933616504012	-68.83154797840074	-0.34173265083351223	1.2189724460453897	
-110.10749770492602	-73.67784252309572	-0.37366170801202914	1.257099019894265	
-111.90888429787373	-78.49220820513573	-0.40604096198478623	1.2949112114781571	
-113.66700647738267	-83.27562737579306	-0.43883703323466833	1.3324189034528133	
-115.38502956402294	-88.02909408145383	-0.4720197959106389	1.3696320250416085	
-117.06581337234066	-92.75360000455326	-0.5055620052902746	1.4065604304521642	
-118.71194700796151	-97.45012420367829	-0.5394389714225603	1.4432138107914292	
-120.3257793392699	-102.11962575442887	-0.5736282733455561	1.4796016315344345	
-121.90944568016907	-106.763038600495	-0.6081095087834965	1.5157330894407992	
-123.46489116635566	-111.38126808429777	-0.642864074771648	1.551617084226909	
-124.99389125289555	-115.97518874941201	-0.6778749751909897	1.5872622013880493	
-126.49806970881478	-120.54564310138738	-0.7131266516947455	1.6226767033995337	
-127.9789144365193	-125.09344108613647	-0.7486048349637175	1.6578685271676072	
-129.43779140078954	-129.61936010085574	-0.7842964136334429	1.6928452860946417	
-130.87595691396095	-134.12414539539748	-0.8201893185939709	1.7276142755033719	
-132.29456849049043	-138.608510755106	-0.8562724206754497	1.7621824804580226	
-133.69469445504862	-143.07313938165987	-0.8925354400037665	1.7965565852463432	
-135.07732246313176	-147.51868490816793	-0.9289688655446663	1.8307429839612188	
-136.44336707150168	-151.9457724999938	-0.9655638835565115	1.8647477917555006	
-137.79367647710237	-156.35500000455258	-1.0023123138453234	1.8985768564480325	
-139.12903852706899	-160.74693912242307	-1.0392065528647692	1.932235770239521	
-140.4501860886747	-165.12213657915441	-1.0762395228317287	1.9657298813592365	
-141.7578018562383	-169.48111528257976	-1.113404626137976	1.9990643055116704	
-143.05252266185948	-173.82437545464396	-1.15069570443293	2.032243937029383	
-144.33494334812076	-178.15239572998138	-1.188107001833627	2.0652734596668325	
-145.6056202533852	-182.46563421596113	-1.225633131787936	2.0981573569918535	
-146.86507435385388	-186.76452951081438	-1.2632690471772614	2.1308999223481746	
-148.11379410097018	-191.04950167790267	-1.3010100132969193	2.1635052683750287	
-149.3522379879445	-195.32095317527808	-1.3388515833972694	2.195977336079461	
-150.58083687500977	-199.579269740503	-1.3767895765075149	2.22831990346404	
-151.7999960994131	-203.82482123130077	-1.41482005729775	2.2605365937178794	
-153.010097393023	-208.0579624230474	-1.452939317764047	2.2926308829826416	
-154.21150062771355	-212.27903376442464	-1.4911438605467737	2.324606107707772	
-155.4045454063253	-216.48836209276638	-1.529430383714458	2.356465471610982	
-156.5895525149406	-220.68626131076556	-1.5677957668648037	2.3882120522610313	
-157.76682525041377	-224.8730330262869	-1.6062370584113228	2.419848807300446	
-158.9366506355229	-229.0489671570639	-1.6447514639388023	2.4513785803259514	
-160.09930053273308	-233.21434250205954	-1.6833363355237536	2.4828041064443007	
-161.25503266635116	-237.3694272812452	-1.7219891619273482	2.5141280175208447	
-162.40409156179135	-241.51447964551238	-1.7607075595783284	2.5453528471377034	
-163.54670940973472	-245.64974815837505	-1.7994892642721785	2.5764810352778214	
-164.6831068621423	-249.77547225105982	-1.8383321235205978	2.607514932750523	
-165.81349376635367	-253.89188265251084	-1.877234089492179	2.638456805373493	
-166.9380698428589	-257.99920179576594	-1.9161932124912566	2.66930883792537	
-168.05702531176252	-262.0976442020867	-1.9552076349272733	2.7000731378824314	
-169.1705414724517	-266.1874168441533	-1.9942755857317818	2.7307517389521037	
-170.27879124053274	-270.26871948956153	-2.0333953751844427	2.761346604415339	
-171.38193964569953	-274.34174502579157	-2.0725653901131604	2.7918596302892005	
-172.48014429384244	-278.4066797677477	-2.111784089436861	2.8222926483203334	
-173.57355579638818	-282.46370374890546	-2.1510500000224213	2.852647428819373	
-174.66231816957762	-286.51299099703897	-2.1903617128299517	2.882925683345718	
-175.74656920613512	-290.5547097954423	-2.229717879323035	2.913129067251533	
-176.82644082155508	-294.5890229305029	-2.269117208122675	2.943259182093292	
